DEVIN
1 
20 
20 
10 
25 
10 
20 
4 
0 
7039 
0 
50 
220 
25 
206 
60 
221 
40 
210 
40 
0 
0 
0 
0 
0 
0 
0 
51 
64 
0 
0 
0 
0 
0 
85 
0 
0 
0 
0 
0 
0 
0 
0 
2 
0 
1 
0 
0 
0 
0 
0 
0 
81 
12 
1 
0 
1 
0 
0 
1 
1 
1 
1 
2 
1 
1 
0 
0 
0 
0 
0 
0 
5 
13 
5 
0 
-1 
0 
0 
1 
0 
0 
0 
0 
2 
1 
1 
1 
407 
16 
0 
1 
0 
1 
0 
1 
0 
1 
0 
4 
0 
1 
0 
0 
4 
1 
4 
0 
0 
0 
2 
1 
0 
0 
0 
1 
0 
4 
2 
1 
1 
0 
0 
0 
0 
3 
0 
1 
8 
0 
0 
0 
2 
0 
1 
1 
1 
0 
1 
0 
1 
1 
1 
1 
1 
0 
0 
0 
0 
0 
0 
0 
0 
0 
0 
0 
0 
0 
0 
1 
1 
1 
1 
0 
1 
1 
1 
0 
1 
1 
1 
1 
1 
1 
1 
0 
1 
1 
1 
1 
1 
1 
1 
1 
1 
0 
0 
0 
0 
0 
0 
0 
0 
0 
0 
0 
0 
0 
0 
0 
0 
0 
0 
0 
0 
0 
0 
0 
0 
0 
0 
0 
0 
0 
0 
0 
0 
0 
0 
0 
0 
0 
0 
0 
0 
0 
0 
0 
0 
205 
0 
0 
0 
0 
0 
0 
0 
0 
0 
0 
0 
0 
0 
0 
0 
0 
0 
0 
0 
0 
0 
0 
0 
0 
0 
0 
0 
0 
0 
0 
0 
0 
0 
0 
0 
0 
0 
0 
0 
0 
0 
0 
0 
0 
0 
0 
0 
0 
0 
1 
0 
0 
0 
1 
0 
0 
0 
0 
0 
1 
0 
0 
0 
0 
0 
0 
1 
0 
1 
1 
0 
0 
0 
0 
2 
1 
0 
0 
1 
0 
0 
0 
1 
0 
0 
0 
0 
1 
1 
0 
0 
0 
0 
0 
0 
0 
0 
0 
0 
29 
14 
16 
24 
3 
31 
46 
0 
0 
0 
999 
0 
0 
0 
0 
0 
0 
0 
0 
0 
0 
0 
0 
0 
0 
0 
0 
0 
0 
0 
0 
0 
0 
0 
0 
0 
0 
0 
0 
0 
0 
0 
0 
0 
0 
0 
0 
0 
0 
0 
0 
1500 
1 
0 
2 
2 
1 
7 
8 
0 
0 
0 
0 
0 
0 
0 
0 
0 
0 
26 
2 
1 
0 
1 
1 
1 
0 
0 
30 
1 
0 
0 
800 
980 
0 
2 
1 
0 
0 
5 
0 
1 
0 
0 
0 
6 
6 
0 
5 
1 
1 
0 
0 
0 
0 
3 
2 
3 
4 
1 
0 
0 
0 
2 
0 
0 
1 
1 
0 
1 
0 
3 
0 
0 
0 
0 
3 
0 
0 
0 
0 
1 
1 
0 
1 
2 
3 
2 
0 
0 
2 
0 
0 
0 
1 
0 
0 
0 
0 
0 
17 
0 
1 
1 
1 
2 
1 
1 
0 
3 
4 
1 
0 
0 
0 
1 
0 
0 
0 
0 
0 
0 
0 
0 
0 
0 
0 
0 
0 
0 
0 
0 
0 
0 
0 
0 
0 
0 
0 
0 
0 
0 
1 
0 
0 
0 
5 
0 
0 
0 
0 
0 
0 
0 
0 
0 
0 
0 
0 
0 
0 
0 
208 
1 
1 
1 
337 
319 
757609 